0.569871
0.6353203
0.6723212
0.5889193
0.59159
0.6094982
0.5773969
0.6192501
0.6292746
0.6593379
0.7064535
0.6597402
0.5745404
0.5531346
0.5950969
0.5575442
0.5668647
0.5975427
0.5465611
0.5935888
0.6683274
0.6015198
0.5665144
0.6255489
0.6376672
0.6122127
0.6599434
0.6649286
0.6461785
0.6715541
0.7079923
0.6329736
0.608855
0.5803187
0.6926988
0.5445578
0.6823541
0.6391041
0.639091
0.5782342
0.6459029
0.6006733
0.6511118
0.5708203
0.6480193
0.6114653
0.5372299
0.5130212
0.6009522
0.5702294
0.5709032
0.6353837
0.5698383
0.5565859
0.6539802
0.595984
0.5667164
0.6601643
0.6964571
0.5502715
0.6054163
0.5679331
0.5588951
0.6047262
0.60216
0.6285046
0.6263285
0.6260077
0.5777966
0.5900151
0.6232337
0.5700188
0.6019397
0.5363635
0.6518314
0.5743074
0.6184152
0.5834486
0.6224664
0.6015927
0.570341
0.5978274
0.5994915
0.5716788
0.5642968
0.6432477
0.5314268
0.6652782
0.6660182
0.6199735
0.6212082
0.633966
0.5787307
0.5412754
0.5573943
0.6243629
0.5881843
0.6361044
0.6044972
0.5191423
