0.5974289
0.5143813
0.6103107
0.6321138
0.5731205
0.5982187
0.6141833
0.7320657
0.4829108
0.6159992
0.5803856
0.6106903
0.5923612
0.5811434
0.6122578
0.5971387
0.5582275
0.5315097
0.5742668
0.665459
0.5230939
0.6334003
0.6308309
0.5426739
0.6388823
0.6254019
0.5654855
0.6377246
0.6664375
0.5491602
0.5214116
0.6679197
0.6821412
0.5690608
0.6427992
0.6536729
0.6161245
0.6222276
0.6036931
0.5958342
0.553094
0.5478703
0.5214481
0.6273309
0.625223
0.6202191
0.6076797
0.6049671
0.6143981
0.5609687
0.5780307
0.6938974
0.540456
0.5970682
0.5328729
0.6352869
0.588926
0.5519645
0.5461134
0.5276989
0.5963935
0.5855673
0.6918058
0.5335045
0.5791461
0.6672621
0.5656012
0.5392289
0.6468255
0.6020277
0.5876462
0.5879803
0.6534939
0.5974264
0.588426
0.5340037
0.5905863
0.6709681
0.5583313
0.5709324
0.6451061
0.661182
0.6594117
0.592233
0.5931288
0.6169414
0.6037829
0.715251
0.7144
0.5966136
0.6364344
0.6728737
0.6235377
0.4897126
0.540212
0.633659
0.6224331
0.6635274
0.5593273
0.6167092
