0.4086291
0.426859
0.4048341
0.5466475
0.3894577
0.301957
0.4384207
0.2027051
0.4362607
0.3189044
0.3575801
0.4091299
0.3900866
0.5090611
0.445226
0.5476418
0.4003958
0.4163228
0.4822541
0.5021303
0.4615344
0.3392745
0.491072
0.4559249
0.4333658
0.5000666
0.3593547
0.2861611
0.472257
0.5491176
0.353387
0.461933
0.4031018
0.4418723
0.4066958
0.3725496
0.2651067
0.5694621
0.3574665
0.4096649
0.469906
0.2973018
0.3403187
0.3873704
0.3266297
0.3882224
0.4827037
0.4286584
0.5301328
0.4417247
0.32736
0.3377014
0.4860534
0.3720069
0.3818335
0.3776597
0.4584498
0.4414348
0.2830738
0.3800199
0.3706842
0.4077266
0.3773778
0.3813824
0.5466401
0.5368695
0.3920351
0.4487248
0.4259513
0.3257751
0.3557825
0.5539261
0.3636894
0.4100187
0.4428003
0.4722486
0.5178916
0.3189301
0.3682031
0.4011063
0.3534307
0.3875699
0.3711598
0.4431243
0.4418364
0.424283
0.4015216
0.5749761
0.4260372
0.4795299
0.4234645
0.4037653
0.4410299
0.433653
0.3558155
0.4897895
0.3394807
0.4597404
0.2970675
0.5664193
