0.7606948
0.7480285
0.8017583
0.7489992
0.7500936
0.9123689
0.7712738
0.7496977
0.8589532
0.8323475
0.8606275
0.7589672
0.7832485
0.6984021
0.9036589
0.822201
0.8940284
0.8156501
0.8555754
0.7790388
0.7736117
0.8241144
0.7460627
0.7978667
0.8061444
0.7660405
0.7625061
0.7692318
0.7674532
0.7029054
0.6535361
0.8218931
0.8347045
0.8993913
0.8407098
0.7958865
0.7257611
0.7881316
0.8913265
0.8797523
0.7310509
0.8673749
0.8776359
0.7474047
0.8027676
0.8313952
0.7744108
0.849568
0.866022
0.8234765
0.8662507
0.7626344
0.788689
0.7241632
0.8235994
0.7520673
0.7885701
0.836172
0.9127412
0.7197121
0.7280108
0.8126733
0.8213028
0.8941931
0.8244095
0.6918739
0.8271572
0.9262835
0.8241994
0.8270519
0.7962986
0.7820799
0.6913307
0.8351399
0.886851
0.7559776
0.6908002
0.7894082
0.910543
0.751592
0.7907356
0.8363975
0.8244969
0.7261671
0.8952133
0.7893806
0.8059116
0.7670162
0.788292
0.7785905
0.9082979
0.7313555
0.7973687
0.8370822
0.7940326
0.7732681
0.6814333
0.9290848
0.709841
0.7209512
