0.3152115
0.2946514
0.3560726
0.489474
0.3481774
0.360122
0.3695882
0.4151475
0.350541
0.3705737
0.3302331
0.4398973
0.2898213
0.4125294
0.4137611
0.394279
0.2869978
0.4326933
0.3779013
0.4276432
0.4276818
0.3742814
0.4110041
0.3617851
0.313662
0.298222
0.4339399
0.4590879
0.3830985
0.4052775
0.4606779
0.3676411
0.5204552
0.3710194
0.5683337
0.4808252
0.2543775
0.450076
0.3508962
0.4419077
0.3192904
0.4478911
0.3491338
0.4533301
0.3676357
0.3651512
0.5039666
0.4159705
0.3137964
0.4127662
0.334551
0.5235206
0.4700177
0.3491409
0.4176302
0.3502097
0.4931572
0.3452041
0.4160381
0.3356873
0.4604232
0.3917098
0.552177
0.4006758
0.3283273
0.4422938
0.3935315
0.3875843
0.4541576
0.5011538
0.5570901
0.3829162
0.2761928
0.4737356
0.4860135
0.3777471
0.4434427
0.4405071
0.5360325
0.446033
0.3045906
0.4733963
0.5019541
0.4727717
0.4167748
0.4438965
0.404268
0.4026125
0.411043
0.474165
0.3901381
0.3447021
0.3720827
0.4295172
0.3883568
0.4814227
0.3018865
0.3924141
0.3414546
0.4537299
