0.2167715
0.2655727
0.1601098
0.2119425
0.4013758
0.1472805
0.1712301
0.1509789
0.3191411
0.3858791
0.1533692
0.1403702
0.3313518
0.1358161
0.1685479
0.2542631
0.402898
0.1928846
0.2647625
0.2284806
0.12059
0.1011091
0.09704847
0.2381676
0.1524037
0.1953924
0.1100751
0.1411005
0.1494649
0.2253201
0.2450575
0.1682696
0.2377992
0.2167396
0.2010199
0.1490814
0.2777794
0.2344874
0.3468133
0.3641846
0.2933283
0.1765362
0.1644082
0.3910695
0.1996102
0.1509012
0.2334558
0.2242585
0.2142132
0.4073715
0.1759874
0.2197105
0.2220732
0.1749178
0.3652474
0.2199834
0.2335007
0.1498671
0.1819661
0.1625519
0.1333618
0.1691522
0.180801
0.09229204
0.2242232
0.2035639
0.1831586
0.1549095
0.2032026
0.1862275
0.1273262
0.2899143
0.2354862
0.2018162
0.2434692
0.303604
0.1485941
0.2387405
0.2398657
0.2901417
0.2936775
0.244852
0.2014388
0.1614707
0.4089368
0.07382196
0.2657478
0.2234925
0.1970493
0.2167177
0.3495652
0.199355
0.1103999
0.2505437
0.2210389
0.3194079
0.09794357
0.3873208
0.2589835
0.2753812
