0.4341601
0.3214981
0.3405457
0.6314617
0.3909976
0.502771
0.3245114
0.3427765
0.4085897
0.278234
0.4605107
0.434878
0.4506503
0.3888745
0.3953017
0.4141101
0.4456063
0.3979403
0.4454659
0.2437964
0.4225225
0.4093082
0.4594853
0.2360532
0.3137984
0.443128
0.3795071
0.4136587
0.4245034
0.5192411
0.4597288
0.5457927
0.4273785
0.5285874
0.2803551
0.479617
0.3363795
0.4649579
0.417353
0.5901224
0.3402568
0.4517914
0.3787454
0.3521801
0.5116344
0.3154184
0.3723109
0.3966993
0.3376626
0.4120932
0.2937847
0.4880123
0.2978833
0.5331766
0.3763063
0.2845049
0.3597119
0.3397255
0.4774836
0.4738078
0.3929141
0.3448255
0.392614
0.3931137
0.4401637
0.3723909
0.4449742
0.6277408
0.4389567
0.5054864
0.417531
0.3592512
0.242654
0.5716476
0.4615054
0.4722655
0.3117397
0.2658105
0.2711414
0.3632007
0.4542046
0.4711048
0.2849335
0.4058345
0.3202032
0.3151063
0.4270708
0.4205569
0.4971631
0.4639605
0.2999374
0.4642199
0.4430851
0.5177008
0.3365564
0.2652664
0.5182157
0.3630928
0.3558452
0.2853509
