0.2491404
0.2057241
0.2039625
0.1466231
0.2085639
0.1735876
0.2056631
0.2493782
0.1734492
0.1422504
0.3117137
0.229158
0.2111133
0.2279969
0.2049794
0.2213379
0.2338274
0.2027528
0.2510209
0.1606329
0.2140832
0.1730772
0.1937528
0.2576757
0.2834859
0.221213
0.2016407
0.1951876
0.2434336
0.2127424
0.1827793
0.1759376
0.2333243
0.1942104
0.1879146
0.1810902
0.2178403
0.2961264
0.2313942
0.1166203
0.2074811
0.2369768
0.181938
0.2198121
0.1210055
0.1369685
0.2562524
0.2283583
0.1709231
0.2697298
0.218554
0.2332317
0.1827377
0.1811952
0.2259155
0.1554674
0.186956
0.2076907
0.1862168
0.2208482
0.1547932
0.2011987
0.1589316
0.2522134
0.2553098
0.2276451
0.1858685
0.1810695
0.2993118
0.2225507
0.1986136
0.2495569
0.1740137
0.2000516
0.181078
0.2026104
0.1880291
0.1457068
0.2068715
0.2334712
0.1787883
0.1647593
0.178904
0.1921313
0.2409641
0.2237687
0.1913495
0.2494959
0.2121152
0.1944796
0.2408699
0.2242958
0.2735468
0.2751303
0.1970828
0.2319338
0.23112
0.2085114
0.234632
0.2273169
