0.8153114
0.7806926
0.8722392
0.8658514
0.8106619
0.7702559
0.8037057
0.7131183
0.9503149
0.7585704
0.8396201
0.7896334
0.8118113
0.7954693
0.6074235
0.8213912
0.8284143
0.6955905
0.8632935
0.6844811
0.7986056
0.9033969
0.7513856
0.8844664
0.8080154
0.6670024
0.74446
0.8790989
0.739496
0.8009162
0.6995519
0.8648436
0.8415693
0.7104878
0.7411834
0.8365917
0.8365891
0.8425807
0.6942644
0.7424653
0.8125387
0.6434172
0.794725
0.7988721
0.8596511
0.8105327
0.7591964
0.7579677
0.8787809
0.8427132
0.8414354
0.8457891
0.7471962
0.8238706
0.7473631
0.7959374
0.8300542
0.7745455
0.8048964
0.8300003
0.8743688
0.8274953
0.7618447
0.659885
0.8963143
0.8338937
0.800437
0.7013486
0.7432602
0.6820422
0.7148893
0.7278638
0.7259223
0.7989119
0.7640748
0.7232636
0.648101
0.807423
0.8221427
0.6822806
0.7680953
0.8111216
0.6877137
0.8536408
0.8641887
0.8128481
0.7775923
0.790927
0.8735984
0.8020317
0.7574071
0.7959044
0.8800327
0.7666479
0.8752509
0.6845188
0.8311431
0.7783821
0.787993
0.7177472
