0.1602495
0.1606166
0.2468534
0.2141089
0.1912696
0.2496776
0.1832312
0.2931839
0.2010583
0.249334
0.1241937
0.1895586
0.2406837
0.1457337
0.1327488
0.2669131
0.2130471
0.2342511
0.2385774
0.2332103
0.1771813
0.2864812
0.2309178
0.3139637
0.1801715
0.195517
0.236308
0.1850277
0.286503
0.2336116
0.2650674
0.2323649
0.2984792
0.2052875
0.2062397
0.2559709
0.1800923
0.2784902
0.2322166
0.1535889
0.2029125
0.1909528
0.2910955
0.2277501
0.208464
0.2399038
0.1455219
0.2627839
0.1912734
0.2694841
0.2493098
0.09648902
0.1666892
0.3138945
0.2015066
0.1959766
0.1908947
0.1850037
0.1349118
0.1773395
0.309749
0.2654205
0.1962127
0.1816355
0.1700945
0.2503601
0.2128022
0.2347661
0.1896427
0.2549753
0.1407669
0.3236479
0.2262163
0.3010775
0.2368228
0.2079188
0.2000042
0.1739426
0.1469125
0.2568867
0.2329647
0.2134945
0.2588555
0.1687633
0.2448901
0.1571962
0.2585786
0.2642421
0.1833159
0.250881
0.2369583
0.1149752
0.2765906
0.1787918
0.09405847
0.1992683
0.2168455
0.1529217
0.2286751
0.1855796
