0.1863821
0.1891748
0.2072561
0.1968843
0.1472117
0.1988536
0.2699763
0.2090814
0.1152236
0.181745
0.3020258
0.1547617
0.2118548
0.2208467
0.1881799
0.2004105
0.204199
0.128614
0.1988429
0.1945708
0.223881
0.1886392
0.1874012
0.1556381
0.2366916
0.2330118
0.2016535
0.2118395
0.2166797
0.1678893
0.2152271
0.1313624
0.1757267
0.1670119
0.2057737
0.2504354
0.177025
0.2199629
0.23982
0.1595349
0.253532
0.1862149
0.195748
0.2010217
0.2704829
0.1972022
0.269847
0.2201158
0.1958367
0.1852036
0.184022
0.1657005
0.2005467
0.2066278
0.2240679
0.2301558
0.2537355
0.2240048
0.2453707
0.2625261
0.2007812
0.2039965
0.2017864
0.228416
0.1830291
0.1626695
0.1965209
0.1726461
0.1925808
0.1345802
0.1733782
0.3093698
0.213319
0.2221551
0.1587864
0.2057669
0.1544604
0.1695083
0.261303
0.1763053
0.1890213
0.2403457
0.2198863
0.2675493
0.1559161
0.2741801
0.1912897
0.195013
0.2212817
0.2223829
0.1606103
0.1790691
0.3567131
0.2215538
0.1136663
0.1525867
0.1810277
0.1571032
0.2043649
0.3303341
