0.2560188
0.1465427
0.2153205
0.1416447
0.2395152
0.1881601
0.2675281
0.1993664
0.3119961
0.2222193
0.127249
0.2101963
0.2811126
0.1603714
0.2082429
0.2489572
0.1897709
0.2830622
0.1980981
0.3057083
0.1791523
0.2100158
0.1911433
0.1234128
0.1187484
0.243309
0.2268221
0.2785886
0.2123866
0.2184426
0.2005905
0.2482469
0.1974593
0.1369541
0.2895575
0.199471
0.1480432
0.216644
0.1547728
0.2026013
0.2277079
0.2876386
0.2584397
0.2031828
0.1831073
0.2438172
0.1750307
0.1817566
0.1544362
0.1683308
0.2360651
0.2906119
0.1220542
0.257824
0.1990801
0.2159451
0.2237785
0.145745
0.2384792
0.1603065
0.2565532
0.2722461
0.167202
0.2485854
0.2198597
0.209704
0.1491232
0.1743953
0.1900527
0.1590119
0.1676767
0.2442931
0.1819201
0.2801755
0.2271981
0.2373289
0.2225012
0.2035068
0.1934851
0.1920223
0.2433233
0.2319379
0.1467941
0.2297677
0.2277773
0.2928495
0.2148489
0.2466647
0.198504
0.1733295
0.2576197
0.2254185
0.1855153
0.3270461
0.1932527
0.1979136
0.2986826
0.1560983
0.1902567
0.2242545
