0.5761922
0.6186033
0.5966303
0.5595554
0.5160423
0.5283492
0.6482196
0.5815394
0.7018516
0.6660642
0.5939818
0.4643244
0.6327308
0.5961783
0.6532486
0.414982
0.5846427
0.6914594
0.6224715
0.5986723
0.5735293
0.5631458
0.6174947
0.5540146
0.5738258
0.5112271
0.4651437
0.6774657
0.6128695
0.6322684
0.5339408
0.5991371
0.6449356
0.5603368
0.7063374
0.5335125
0.5633829
0.622026
0.6221837
0.6618242
0.6589271
0.5808946
0.4194657
0.7071682
0.6165164
0.5867415
0.6822335
0.6884212
0.5966
0.5819748
0.5616457
0.451927
0.5394599
0.5829322
0.6127863
0.5394058
0.5727669
0.6202615
0.6970473
0.5961367
0.5080782
0.5309578
0.6393877
0.5310178
0.6001858
0.5788207
0.555735
0.6636892
0.6208032
0.5393585
0.5621097
0.6170782
0.6116686
0.5920143
0.6399945
0.5992806
0.6896286
0.5878284
0.5979945
0.6073176
0.625793
0.5115495
0.5915189
0.5883995
0.5783226
0.6034911
0.6077401
0.5842215
0.7139062
0.5697424
0.6089793
0.5203666
0.5206735
0.5104343
0.5460688
0.6599697
0.5659432
0.5986224
0.6547172
0.6018037
