0.3732816
0.4207116
0.4242951
0.318797
0.3545318
0.3500092
0.3855564
0.5001007
0.3533515
0.3870602
0.3962842
0.4440493
0.4393089
0.4321537
0.3897429
0.3944398
0.3940278
0.47585
0.3694789
0.3241456
0.3422661
0.3498407
0.3412595
0.322108
0.4281888
0.4847634
0.4655012
0.441717
0.3285528
0.4408604
0.3948259
0.4274262
0.3481472
0.3892869
0.4075563
0.332953
0.4022878
0.4711235
0.4184729
0.4854143
0.5061342
0.2628519
0.3833503
0.3777116
0.4765484
0.3881956
0.3980556
0.4451936
0.4592001
0.396975
0.2788259
0.4031268
0.3403422
0.26245
0.395843
0.387937
0.4243653
0.3230883
0.2013497
0.4407139
0.4330643
0.4112087
0.2772544
0.3014
0.3165642
0.4852831
0.4245341
0.3225022
0.4785302
0.4364843
0.2733089
0.4800008
0.3866801
0.3652089
0.4714145
0.3962029
0.3233407
0.4337238
0.2793738
0.3509471
0.3891376
0.4063592
0.3936525
0.3192737
0.4344244
0.3497056
0.3949711
0.3535619
0.3808519
0.3534732
0.4068518
0.3933424
0.3981317
0.3532415
0.3471383
0.5177825
0.3080553
0.4391415
0.3654015
0.3352462
