0.2744928
0.1699351
0.258786
0.2568333
0.210472
0.182512
0.1370394
0.1659225
0.07536635
0.2526876
0.2750761
0.274559
0.1844653
0.1288221
0.1609583
0.2247096
0.2772469
0.2364045
0.03294464
0.2232504
0.2155094
0.2824727
0.2220064
0.2620866
0.2045881
0.2352531
0.2053026
0.1202943
0.1417793
0.1749311
0.2394649
0.2381837
0.1351084
0.1024125
0.2258237
0.2739925
0.304026
0.2732792
0.2402304
0.352368
0.4089391
0.1548933
0.2263431
0.1647116
0.2668272
0.1351699
0.3383296
0.265471
0.2690675
0.2552199
0.1534375
0.3155302
0.3219338
0.1239832
0.2293615
0.1908058
0.2192577
0.1977417
0.1257297
0.1364239
0.1870726
0.1465118
0.2405022
0.1952046
0.2338282
0.1842899
0.1950162
0.1860312
0.229073
0.1789947
0.1752615
0.2003721
0.2649327
0.1760402
0.2535652
0.2455493
0.269978
0.2549504
0.1443231
0.3149492
0.21263
0.1645174
0.230141
0.1746823
0.2156601
0.2701495
0.3368526
0.08596606
0.1375933
0.2359722
0.1944578
0.1578121
0.2215471
0.1495694
0.2422277
0.1123946
0.3597817
0.1885732
0.2711617
0.0788309
