0.4701361
0.3911643
0.4473616
0.4182734
0.3878774
0.3914288
0.4158773
0.4222501
0.349475
0.4074754
0.3793347
0.4411868
0.3711534
0.4706804
0.4191953
0.494103
0.3495823
0.3038215
0.3736618
0.4535007
0.4786347
0.4233493
0.3745223
0.4593506
0.350604
0.401047
0.2966472
0.4589747
0.4203074
0.4014266
0.3335993
0.4440303
0.3377415
0.3547772
0.4662159
0.4609602
0.3533673
0.3821538
0.4060724
0.3750126
0.4654087
0.3623544
0.4604289
0.4521532
0.3627773
0.3971217
0.4043872
0.3572794
0.3544267
0.3948169
0.3988564
0.3855272
0.4270493
0.4715441
0.3859109
0.419535
0.2887183
0.3691682
0.4120069
0.3678881
0.5043044
0.4253568
0.3949167
0.3860986
0.3955104
0.4757007
0.3516055
0.4797969
0.3383158
0.3782484
0.3568731
0.4999435
0.3236343
0.3374162
0.4617037
0.4367065
0.4167127
0.3155491
0.3969636
0.4210279
0.3751671
0.3754924
0.4277565
0.3964275
0.4006363
0.4964943
0.494276
0.4376374
0.4397198
0.4238244
0.3722678
0.36709
0.394104
0.4052726
0.4412229
0.4374064
0.421517
0.3932338
0.5036889
0.4290248
