0.3315934
0.4028129
0.3573927
0.5118484
0.2892253
0.3752529
0.4889486
0.511752
0.3282421
0.4503428
0.2925962
0.4878106
0.5372512
0.2190195
0.3523515
0.1592075
0.398077
0.3964197
0.2360781
0.3050043
0.3435163
0.3851652
0.5241392
0.3308341
0.3637943
0.4175777
0.2699154
0.28116
0.3828228
0.4899708
0.3406531
0.4728699
0.2237118
0.4172972
0.3731908
0.3257793
0.4010211
0.3099316
0.3578787
0.2541305
0.3280248
0.4554919
0.5119599
0.4562698
0.3894877
0.5506219
0.3729176
0.5362323
0.5679437
0.3659023
0.4707893
0.6335896
0.4863204
0.533324
0.4027564
0.4277789
0.229737
0.337747
0.4787192
0.2139706
0.344144
0.463737
0.2832073
0.3552909
0.4231837
0.4455952
0.4064697
0.366973
0.3523561
0.5132117
0.2660748
0.4524165
0.3709665
0.5204986
0.5060101
0.3556601
0.4496888
0.316744
0.5574822
0.2580393
0.3101831
0.388944
0.285775
0.2707607
0.3740542
0.3304166
0.3703773
0.3363882
0.5545946
0.3307575
0.4367572
0.389216
0.534826
0.4657424
0.4455064
0.2958259
0.4247736
0.2704111
0.3636296
0.3671955
