0.5283804
0.5472297
0.5851683
0.6677017
0.5923144
0.5633351
0.6951925
0.541
0.6187279
0.5705287
0.5956555
0.6908887
0.5611053
0.660067
0.5648592
0.481056
0.7715245
0.735069
0.7501035
0.5787893
0.5587693
0.5698482
0.7939268
0.7100233
0.5128346
0.5440121
0.6184605
0.6407394
0.6621553
0.4756988
0.5964748
0.5547878
0.503996
0.3818491
0.5915453
0.6865853
0.5974459
0.6322587
0.4492285
0.6352615
0.5556251
0.6276173
0.4700561
0.6557455
0.7201972
0.66479
0.7158896
0.6388494
0.6298817
0.4811521
0.4280981
0.476673
0.6547213
0.5657336
0.6562013
0.7499349
0.6450867
0.4117651
0.7228702
0.4266611
0.5632986
0.5059058
0.7072862
0.6117227
0.7212706
0.6930104
0.560852
0.6343787
0.4826528
0.4058073
0.8186338
0.6428456
0.8013779
0.7156556
0.5001744
0.6026305
0.697669
0.5730376
0.374975
0.5394476
0.6549194
0.6074854
0.6778173
0.6310552
0.6958963
0.7305656
0.531213
0.7527009
0.7091804
0.6738659
0.5348422
0.5165761
0.5884387
0.475619
0.620214
0.4746476
0.6681551
0.6398777
0.4899869
0.6412998
