0.2126553
0.2186102
0.1903528
0.1767421
0.2010936
0.2303003
0.1479955
0.1980792
0.2785414
0.1732446
0.2539529
0.1969394
0.2253195
0.1989065
0.2053447
0.2720559
0.156121
0.2529671
0.1321415
0.219954
0.1707723
0.1637482
0.2074883
0.1632399
0.2197908
0.2289867
0.1696783
0.2305144
0.1313336
0.2566907
0.2475291
0.2259414
0.2139248
0.1921528
0.2411118
0.1433678
0.1635893
0.1642028
0.2522883
0.1613297
0.1815599
0.2008828
0.2553379
0.1815126
0.2442295
0.2124474
0.255144
0.1827914
0.2300688
0.2119676
0.1862356
0.2279428
0.2411644
0.2087306
0.2467117
0.214255
0.2012914
0.262742
0.193746
0.2341451
0.1401499
0.1899977
0.1941321
0.1954574
0.2852831
0.2202141
0.1780457
0.2542377
0.1899805
0.1722495
0.1485657
0.1831473
0.2602
0.1893886
0.1692828
0.2164116
0.1922371
0.2547781
0.1864739
0.236362
0.1694764
0.1684156
0.2139443
0.2367464
0.2382896
0.1847864
0.1797397
0.1575208
0.1860633
0.2042198
0.1199164
0.2402698
0.2264221
0.2265247
0.1738079
0.2208432
0.1867546
0.2561567
0.2126038
0.2277052
