0.1751421
0.2366433
0.248625
0.1526841
0.1918594
0.2577457
0.1906514
0.1867279
0.2309484
0.286568
0.2274579
0.1225198
0.1661714
0.1919939
0.2124834
0.2500611
0.1714663
0.2072709
0.2221981
0.2407181
0.2191095
0.2238218
0.1921626
0.2240382
0.2159348
0.1792146
0.1809517
0.2293972
0.2693719
0.2575618
0.2660454
0.1802439
0.1951131
0.2512262
0.2068495
0.1755022
0.2173685
0.2512202
0.1711311
0.2003502
0.1560022
0.2064293
0.1917809
0.2111352
0.2015513
0.2840089
0.2302061
0.2194178
0.1825667
0.1524532
0.2121475
0.1949212
0.2301616
0.2116405
0.2250068
0.2338465
0.2936178
0.2229789
0.2305082
0.1977774
0.1526861
0.1624034
0.2539299
0.2590275
0.2967173
0.2348708
0.1800996
0.1427365
0.2448014
0.1821466
0.2383195
0.2782994
0.206453
0.2061754
0.2835106
0.1953878
0.1015303
0.2432246
0.2508411
0.2100226
0.1783958
0.2024147
0.1795507
0.2368355
0.2367742
0.2140379
0.2573251
0.283242
0.1395335
0.2447227
0.119719
0.3144829
0.2586667
0.1399811
0.2397728
0.3072967
0.3163781
0.2059323
0.213739
0.1919501
