0.3714288
0.4886265
0.3173534
0.4429808
0.3498602
0.3726332
0.3142831
0.3039256
0.4889358
0.2887027
0.3698584
0.3609982
0.4731897
0.3927012
0.388458
0.3551199
0.4803189
0.4777205
0.3742984
0.4479248
0.3881738
0.3474584
0.3167652
0.4137738
0.2812389
0.3822782
0.352844
0.4157563
0.2747767
0.3811122
0.4733689
0.4347083
0.5426569
0.3676786
0.4065806
0.3701102
0.4925944
0.4615906
0.36636
0.4532418
0.4184557
0.4509593
0.4311471
0.3779114
0.4132148
0.2905458
0.3512313
0.4712982
0.3519444
0.440231
0.3850473
0.5413518
0.3619805
0.4842806
0.3404239
0.3907849
0.4336894
0.4101546
0.4097981
0.4307419
0.4493522
0.4869703
0.4196935
0.4265787
0.2801393
0.4561974
0.5615896
0.3717992
0.3261852
0.3965368
0.3298258
0.3979605
0.3694117
0.5474504
0.3979937
0.5196316
0.3205601
0.3539255
0.3933695
0.4035506
0.475953
0.4084677
0.3363423
0.4485337
0.3538035
0.4529117
0.3376223
0.5056299
0.4638113
0.3476599
0.4782761
0.371
0.4152619
0.4712664
0.3562385
0.3494418
0.4321547
0.2430412
0.3068408
0.457828
