0.6247152
0.8457075
0.8190296
0.7163723
0.7973731
0.7555216
0.7358584
0.8287304
0.8516643
0.8227083
0.6626191
0.8454102
0.8784442
0.6775422
0.7840516
0.7540028
0.7811257
0.8920627
0.7814574
0.7653042
0.8116056
0.9099989
0.7523357
0.7736266
0.8293029
0.743586
0.8620841
0.8442231
0.9102319
0.7039237
0.7889629
0.8988238
0.868794
0.7655562
0.8718034
0.8652588
0.7924562
0.7529673
0.7481126
0.8463092
0.8539508
0.8076644
0.7624858
0.7336534
0.88172
0.8446309
0.8531648
0.8093179
0.8308512
0.7319735
0.7246226
0.7152606
0.8335776
0.8186251
0.8039055
0.9256646
0.7390589
0.8247807
0.8208094
0.9189447
0.8460679
0.8680936
0.8194323
0.8049555
0.6440976
0.7720177
0.791349
0.6657827
0.837096
0.8155751
0.8383408
0.7550344
0.699802
0.7048884
0.6610635
0.7957155
0.8118681
0.743899
0.8232487
0.7479696
0.8207015
0.7166134
0.7738116
0.7147504
0.6832852
0.6705037
0.8510523
0.698268
0.8057507
0.8165235
0.8585882
0.8109859
0.72407
0.7934164
0.7148814
0.7770032
0.741724
0.8192429
0.7002883
0.7340925
