0.4431043
0.5059133
0.438
0.3154777
0.4866953
0.3913104
0.3919798
0.3254665
0.3114544
0.4054756
0.4195301
0.3169632
0.4090525
0.4566257
0.4595726
0.5626456
0.5088255
0.5177421
0.4709529
0.4207348
0.2909101
0.3440119
0.2662255
0.3307015
0.4752045
0.2683542
0.4295599
0.3304421
0.4600023
0.3715125
0.5878431
0.4147109
0.4008741
0.4530312
0.1974363
0.3281031
0.4922067
0.3586145
0.4371151
0.4035344
0.3563106
0.4342141
0.3175324
0.3392627
0.3657912
0.3210095
0.5183658
0.4768432
0.366067
0.3816175
0.4342146
0.3582602
0.3844585
0.4242409
0.3067105
0.4722444
0.4371912
0.4210807
0.4308359
0.4617426
0.397305
0.4047154
0.4290983
0.3443826
0.4144363
0.5136596
0.4439635
0.5013224
0.2705535
0.3334481
0.4025058
0.361701
0.41619
0.4615371
0.4121682
0.4311589
0.3213247
0.3421042
0.2907789
0.3679774
0.3288542
0.3921871
0.4423879
0.3719918
0.4199651
0.3863308
0.448901
0.3829388
0.281714
0.3653417
0.3833904
0.382343
0.5058004
0.4673339
0.3900621
0.2904927
0.4751094
0.4345611
0.3288344
0.3890731
