0.7369899
0.6095615
0.6450977
0.5492672
0.5588718
0.5775341
0.6639429
0.6155431
0.5149005
0.5772122
0.5634064
0.5964765
0.5827431
0.5636391
0.6439032
0.6067036
0.5788134
0.5783896
0.5825111
0.5758566
0.6710468
0.5762646
0.5602516
0.5880165
0.5600587
0.5920048
0.6352651
0.6722188
0.6361419
0.5792019
0.6730602
0.6714174
0.5554803
0.6530774
0.6338893
0.5400105
0.6071842
0.5703637
0.5337913
0.5530564
0.5550352
0.5760567
0.5892262
0.6222168
0.5612688
0.6579357
0.560067
0.6518203
0.5566612
0.6638193
0.5737794
0.6260723
0.5572303
0.581677
0.6692462
0.6615233
0.6043473
0.6514782
0.6216002
0.6177263
0.607842
0.6591617
0.6042579
0.6870228
0.6178949
0.6087746
0.6248343
0.6467942
0.5449132
0.5462133
0.6099029
0.6241241
0.5848959
0.6422156
0.6389026
0.5470632
0.6185256
0.5678307
0.4981457
0.5926618
0.6686585
0.6589963
0.5265108
0.5131166
0.6406512
0.5897736
0.6531802
0.6625865
0.5764122
0.6062639
0.6532821
0.6215661
0.5526985
0.5674602
0.5485015
0.5267541
0.6927263
0.5696115
0.5758712
0.6834978
