0.6598673
0.517071
0.5864787
0.6795683
0.6537145
0.5257184
0.6276047
0.5747141
0.5845418
0.5022897
0.6866955
0.6431473
0.6645042
0.6818173
0.6191823
0.624265
0.5560757
0.6242787
0.5541106
0.6171546
0.5546588
0.5981567
0.5027382
0.6770626
0.498727
0.5624602
0.6504902
0.6858887
0.6149275
0.6237826
0.5913165
0.6858026
0.5584298
0.5736437
0.5626778
0.7010681
0.5825507
0.6092325
0.5585791
0.5676697
0.6002985
0.5834879
0.6308217
0.5549475
0.7499334
0.6743691
0.5624761
0.5203527
0.5640747
0.5609901
0.5646112
0.6412603
0.7166022
0.6398071
0.6574577
0.6698644
0.5980232
0.5991381
0.4759013
0.625594
0.558876
0.4527037
0.6831072
0.56475
0.6999662
0.6832146
0.5869633
0.6640717
0.5991557
0.5253431
0.634391
0.6087564
0.5639509
0.5677454
0.5874402
0.5026548
0.6207448
0.5896853
0.5317036
0.618062
0.5569023
0.6561239
0.5380036
0.6876609
0.5539452
0.6138981
0.6945623
0.5583394
0.6225845
0.6755599
0.5298126
0.5256963
0.5430357
0.5287137
0.5928434
0.6138582
0.679859
0.6292842
0.5832146
0.6974601
