0.526526
0.6674846
0.6597141
0.6476426
0.5382321
0.6162472
0.6073523
0.6072102
0.5374791
0.5582891
0.583821
0.6326768
0.6641592
0.4882027
0.6068113
0.5515576
0.5210782
0.5154877
0.7163762
0.4738809
0.6804566
0.5853599
0.656803
0.5948032
0.6395719
0.5810426
0.6425316
0.647309
0.622263
0.6412088
0.5344325
0.5455752
0.6589234
0.6292023
0.6945715
0.511348
0.4368757
0.6407069
0.6383459
0.6166881
0.6404605
0.5935447
0.63561
0.5338873
0.6508415
0.5607862
0.5751496
0.622009
0.6162707
0.601208
0.5790395
0.5382667
0.603201
0.5297533
0.6221618
0.5286323
0.5763761
0.6610844
0.5198966
0.5970663
0.6329884
0.5513285
0.5747822
0.5516921
0.5770379
0.496732
0.588585
0.623972
0.5250622
0.6714333
0.6072499
0.5738407
0.6378952
0.5176984
0.6418381
0.5663061
0.6147283
0.6116735
0.5768144
0.7537518
0.5700742
0.5489009
0.670627
0.5987131
0.6687228
0.6342817
0.5591836
0.5896054
0.5919182
0.5593514
0.6240737
0.6180548
0.6662536
0.5576878
0.5245158
0.667823
0.6192667
0.6209604
0.5254383
0.6214095
