0.7266314
0.7426628
0.8563138
0.880744
0.7090357
0.8437806
0.7787796
0.8111949
0.7427484
0.8413259
0.847137
0.7643849
0.8200684
0.6654095
0.8219909
0.8725321
0.8337751
0.7632919
0.8500492
0.8647627
0.871225
0.7015521
0.9015268
0.7448966
0.8010549
0.8860606
0.8845237
0.8015754
0.8182805
0.868197
0.7281102
0.7265235
0.8411971
0.9284051
0.7459553
0.75416
0.7759384
0.6581297
0.7966804
0.645767
0.7753639
0.740748
0.81468
0.7714038
0.7090665
0.8271472
0.6744586
0.7836401
0.7117119
0.7878712
0.8491982
0.9332029
0.7254428
0.8151492
0.7117996
0.772219
0.6556929
0.7519396
0.8662517
0.5719229
0.8161513
0.8220585
0.8009472
0.7587794
0.8013411
0.8201901
0.6802319
0.8515535
0.8283413
0.7349338
0.7267022
0.7665771
0.7686859
0.8269742
0.8035176
0.8646912
0.7736683
0.8066214
0.876576
0.7412828
0.8002227
0.7784982
0.7158151
0.7706984
0.6837386
0.7135713
0.758269
0.7947353
0.699633
0.8916014
0.6948475
0.6707963
0.755684
0.8055285
0.8335978
0.7489476
0.8871117
0.7148047
0.8525038
0.6706447
