0.7661347
0.818126
0.8480531
0.8006609
0.8266685
0.8555846
0.7950233
0.8627906
0.7485795
0.7667019
0.7850821
0.7861899
0.7922332
0.829021
0.8039201
0.7701991
0.7608833
0.8435153
0.770282
0.7847355
0.8139246
0.7847183
0.8217358
0.8336682
0.8218297
0.8138064
0.8244618
0.8100857
0.8162058
0.7821714
0.7691022
0.8916311
0.78687
0.8199545
0.7778872
0.7015589
0.7740475
0.7284809
0.8472877
0.7307593
0.7937572
0.8216459
0.7282183
0.8097704
0.7160272
0.831721
0.7644966
0.8236054
0.8294333
0.7881927
0.808266
0.8486761
0.7510382
0.8257985
0.7656527
0.8566055
0.7830575
0.7885158
0.7875091
0.7245312
0.8079414
0.8165954
0.7987806
0.8315982
0.7777744
0.8015909
0.7545338
0.7217376
0.8366926
0.8166293
0.7763715
0.8068588
0.8722092
0.8187741
0.7768969
0.8051997
0.7860197
0.8083897
0.7436253
0.8058793
0.8243456
0.7824331
0.8068769
0.8225299
0.8132493
0.8080737
0.8467823
0.7423125
0.7697956
0.854887
0.7557794
0.8288671
0.8073053
0.8595106
0.798234
0.7749224
0.7285826
0.788146
0.8513347
0.706355
