0.8199821
0.7236859
0.7515585
0.8622201
0.8157628
0.7738068
0.8497581
0.8019373
0.8315802
0.7472776
0.779968
0.7766097
0.8317908
0.7438199
0.7965795
0.8842196
0.7502327
0.7400825
0.7760338
0.8140789
0.7857913
0.8093322
0.7767563
0.8512032
0.7708721
0.8258377
0.7302408
0.8241053
0.724328
0.8261298
0.7713354
0.7280626
0.7094376
0.7803866
0.8457148
0.8022505
0.7387418
0.8061198
0.7337045
0.7821967
0.8239362
0.7964403
0.7503329
0.8686749
0.7178741
0.7130319
0.8038967
0.8677834
0.7722714
0.7797288
0.7919151
0.7429524
0.7706891
0.8524969
0.7930624
0.8157416
0.8319153
0.8411696
0.8540842
0.8297531
0.746672
0.8239212
0.8120848
0.772633
0.701651
0.7391439
0.725231
0.7783745
0.8388979
0.7858813
0.7898824
0.8058887
0.760769
0.754641
0.8196552
0.7700705
0.7898679
0.7952821
0.7313142
0.8206877
0.7774468
0.6931817
0.7702882
0.8431993
0.7934955
0.916679
0.7289869
0.7479398
0.7664091
0.863073
0.8019517
0.7198174
0.8152718
0.7502967
0.850998
0.780609
0.8736615
0.7998029
0.7983289
0.7911829
