0.4421205
0.4823165
0.4512771
0.4487272
0.4237873
0.4011497
0.3725736
0.4050252
0.3910498
0.390167
0.380687
0.4113916
0.501004
0.4099833
0.4051274
0.3739299
0.430445
0.5053197
0.4238157
0.3203974
0.434235
0.4170278
0.2648036
0.4077058
0.3880342
0.4347201
0.3505425
0.4565885
0.3980684
0.3982504
0.3248812
0.4912432
0.4208424
0.4982424
0.344151
0.445207
0.3997715
0.4305737
0.5418968
0.431841
0.3638171
0.4833094
0.4259744
0.4159969
0.4202291
0.3903355
0.4043044
0.3890712
0.3920857
0.4057876
0.343264
0.3927736
0.4089752
0.3481624
0.3386715
0.4194375
0.4024184
0.4110498
0.4132288
0.4107147
0.359569
0.3420181
0.4690469
0.396244
0.4310711
0.4802862
0.4139139
0.4389094
0.3985322
0.4765879
0.4289427
0.3869849
0.452467
0.5152258
0.4220353
0.4010913
0.3532388
0.3796882
0.3437688
0.4514212
0.3854109
0.3872485
0.4110253
0.4257817
0.4159039
0.4160404
0.3809914
0.4111263
0.4521796
0.377388
0.4071491
0.3022613
0.3734899
0.3990457
0.3436155
0.3783625
0.3778832
0.3886152
0.4117311
0.4870028
