0.2537712
0.193814
0.2506791
0.2096936
0.2945946
0.2357371
0.09011085
0.2584291
0.2627441
0.2651352
0.2172193
0.1781856
0.2892506
0.2078114
0.2422863
0.3474245
0.1399817
0.2471571
0.3263691
0.2402076
0.2338763
0.2155332
0.2801508
0.3092631
0.2550982
0.1467166
0.3077195
0.2223551
0.189019
0.181583
0.2993731
0.1913608
0.2006764
0.1565198
0.3686067
0.2889419
0.2419325
0.3120011
0.2278797
0.1603795
0.1952874
0.3007485
0.1333369
0.1693279
0.2782243
0.08335812
0.1820422
0.2622113
0.3089568
0.1576097
0.2225431
0.2320295
0.1480528
0.201659
0.2892198
0.1442112
0.2401398
0.2817321
0.1646091
0.1629079
0.2849776
0.08073931
0.146099
0.2614631
0.1972814
0.1400084
0.2678245
0.2662225
0.3081623
0.3123547
0.158685
0.2143517
0.2122247
0.2497743
0.1411477
0.2110398
0.2902113
0.1838178
0.3139515
0.1704757
0.2131342
0.1631636
0.3100349
0.1611142
0.113055
0.2503555
0.2280206
0.3100221
0.1465759
0.2167977
0.2178482
0.2621981
0.2478835
0.2533421
0.163877
0.1954684
0.1413182
0.2628659
0.1626546
0.1715326
