0.4008108
0.3583801
0.3497347
0.4398932
0.3383384
0.3681066
0.3110033
0.3848268
0.451766
0.4133356
0.432791
0.4135454
0.4773722
0.3585692
0.4067971
0.3179665
0.3523793
0.3301674
0.4680937
0.4306571
0.3006574
0.4711287
0.4409207
0.4628277
0.3221865
0.4919541
0.3865477
0.3928272
0.4545366
0.3209981
0.445438
0.4007897
0.3813604
0.3497517
0.3925558
0.4221276
0.4653741
0.41469
0.4962404
0.3339747
0.3505479
0.4351739
0.3677222
0.4114485
0.4271528
0.4003115
0.3751392
0.3359646
0.3748657
0.4176421
0.3875983
0.314273
0.4148311
0.4616987
0.501758
0.396924
0.4503075
0.4259935
0.3655317
0.4221521
0.3898224
0.349902
0.3609626
0.5001237
0.5682787
0.3694239
0.4156886
0.2642258
0.3793587
0.4311887
0.345418
0.3741355
0.3872785
0.4965412
0.3996289
0.4172445
0.5372565
0.4783359
0.3576712
0.4352814
0.4739969
0.2526693
0.5237053
0.4334151
0.4120669
0.4377034
0.327032
0.3476897
0.3052861
0.3916419
0.3424075
0.3718864
0.4454611
0.2954555
0.371379
0.4261804
0.3357859
0.4026959
0.4419052
0.4313258
