0.4177931
0.4496892
0.3521662
0.4799631
0.3894394
0.4501673
0.373333
0.3667521
0.3866233
0.4262274
0.3657791
0.4009032
0.398907
0.2803427
0.369531
0.3988391
0.3348183
0.3706613
0.3533022
0.427858
0.4602416
0.4319947
0.4067186
0.3462452
0.5068459
0.3317726
0.4145732
0.4150007
0.3867165
0.3806341
0.3800686
0.4349217
0.3162547
0.4375832
0.4837686
0.4428801
0.4035299
0.470224
0.4104597
0.4098442
0.4170236
0.4140451
0.4611618
0.3686546
0.3933051
0.4974559
0.489819
0.3762023
0.3026135
0.4262742
0.4347249
0.4635556
0.4092915
0.4119011
0.5119565
0.3666244
0.3680372
0.5023131
0.42004
0.4467059
0.4681745
0.3825379
0.42775
0.3660803
0.4908498
0.3733959
0.2985511
0.4271899
0.4172426
0.4621925
0.3903989
0.4343615
0.3067002
0.3968022
0.4133471
0.4867304
0.4782186
0.4077439
0.4891145
0.3626074
0.4105475
0.4818565
0.4329525
0.3311014
0.4115606
0.3270363
0.4532932
0.4045741
0.4733711
0.4912162
0.3984166
0.3519173
0.4097013
0.4072446
0.3447625
0.5106648
0.4767684
0.2755136
0.3447259
0.3761296
