0.537093
0.560411
0.5939562
0.5716648
0.612126
0.5242157
0.5949553
0.7655112
0.6578667
0.5909434
0.5800576
0.614366
0.5638855
0.6926784
0.6414334
0.6033049
0.5482244
0.6169382
0.6249995
0.4652667
0.5018359
0.5478881
0.5657051
0.5050971
0.5921568
0.5312227
0.5839936
0.6206292
0.6462303
0.5299302
0.6503772
0.6326886
0.5357498
0.495725
0.4630056
0.5537765
0.5868475
0.6153016
0.5416213
0.7360423
0.7092557
0.573232
0.5281408
0.6150104
0.7024726
0.7063162
0.6774503
0.6034069
0.5150893
0.5912851
0.5478413
0.656178
0.5837925
0.6069056
0.6313858
0.5451399
0.5474864
0.578205
0.5532241
0.6336565
0.5893415
0.6134077
0.613724
0.6332644
0.6063882
0.5454759
0.573863
0.5549232
0.5815483
0.5762762
0.6515757
0.6833481
0.5655188
0.5223641
0.6451449
0.4750811
0.5749149
0.6626826
0.5439881
0.5944571
0.5447119
0.6489827
0.5959523
0.6150804
0.5484187
0.6072488
0.6151398
0.5761937
0.6428517
0.6013845
0.5238885
0.562343
0.575618
0.6198117
0.5683058
0.6252088
0.525634
0.618914
0.605391
0.5966964
