0.6259214
0.6108381
0.5851222
0.6179771
0.6340995
0.6436056
0.5547635
0.6241219
0.5844265
0.6550278
0.7141219
0.5236212
0.6303268
0.55878
0.6273863
0.615703
0.5512571
0.6916501
0.6313147
0.6978596
0.7513971
0.7000235
0.7733111
0.4763526
0.7352611
0.6357167
0.6536674
0.6033359
0.6207617
0.4767293
0.6611612
0.6727764
0.4704372
0.5171031
0.6771839
0.5265453
0.6328018
0.6196174
0.6568645
0.5565808
0.5363308
0.5603201
0.5491359
0.4836133
0.4229908
0.6534443
0.5562781
0.666565
0.4543546
0.5948553
0.6413559
0.7242024
0.6638218
0.5611547
0.5816452
0.6131054
0.5123094
0.5633902
0.5707578
0.574768
0.6930624
0.5008624
0.5584809
0.5191114
0.4915393
0.4081806
0.5955347
0.652617
0.5797247
0.6496697
0.7286913
0.5550486
0.5936798
0.5326316
0.6142032
0.6636481
0.6903261
0.5535844
0.5811821
0.5358082
0.5882398
0.7583314
0.6123184
0.6687093
0.4664318
0.7237126
0.4778307
0.6474402
0.677206
0.5162059
0.6639614
0.4675815
0.5529118
0.604855
0.6461127
0.5196098
0.7173854
0.492403
0.5530239
0.5324415
