0.447678
0.4125458
0.3260842
0.4238342
0.3530392
0.3687435
0.3101606
0.379923
0.41618
0.4022718
0.3462227
0.2592002
0.4811005
0.4012486
0.4431292
0.3484801
0.4043276
0.478345
0.519799
0.3653411
0.4300883
0.4159477
0.3283649
0.4032076
0.4570776
0.3111208
0.2567642
0.4923632
0.4509738
0.4981837
0.3840469
0.3715878
0.4417466
0.4095235
0.2952507
0.4052342
0.4392384
0.3965842
0.3724617
0.3307221
0.4899013
0.4491459
0.4378321
0.3481895
0.5272559
0.3842437
0.4077758
0.4550264
0.4415926
0.4875486
0.3696073
0.494756
0.4229997
0.4300408
0.4141415
0.3500142
0.5234848
0.4336883
0.4070643
0.4404189
0.3174808
0.3814829
0.3436308
0.3789936
0.4113989
0.3564287
0.4080839
0.498069
0.4029221
0.3880562
0.4169635
0.4971508
0.4192701
0.3667308
0.4202374
0.4844296
0.5085009
0.5112835
0.5736669
0.393249
0.3375401
0.4902138
0.4070488
0.3666581
0.4574214
0.2736256
0.4203522
0.3334955
0.3966472
0.4106393
0.4053163
0.3554036
0.3974388
0.5247978
0.2127092
0.3763322
0.4620335
0.4075474
0.3994231
0.4422885
