0.8077626
0.8002431
0.8248055
0.6994113
0.8002303
0.7420297
0.836184
0.7830542
0.7795382
0.8208545
0.7005289
0.7936462
0.8276491
0.7868101
0.8854289
0.7615943
0.8197982
0.8473856
0.8071803
0.7969882
0.7324788
0.8452568
0.8076134
0.8336965
0.8575861
0.7773062
0.7499595
0.7828758
0.7031632
0.8690485
0.8723205
0.7627927
0.7664431
0.6732423
0.8391365
0.743302
0.8262946
0.8227007
0.77694
0.8259927
0.8280754
0.8391187
0.8250774
0.8456403
0.7656542
0.7476762
0.7143425
0.7171159
0.8720403
0.8002373
0.8026962
0.7966748
0.666747
0.8005819
0.8141239
0.7504315
0.7634099
0.8026974
0.7732514
0.7952308
0.7014473
0.8625398
0.8442897
0.7895117
0.7796461
0.8391186
0.8014008
0.8341934
0.7478376
0.8476292
0.8073873
0.8457431
0.8145957
0.7655215
0.7660196
0.7103991
0.7725514
0.7685013
0.7710783
0.7027572
0.6852006
0.7778632
0.7359156
0.811074
0.7702473
0.8096025
0.7549995
0.8492444
0.8052495
0.7430135
0.7953255
0.7409199
0.8094402
0.8067654
0.782591
0.7655645
0.8184183
0.7689172
0.7300897
0.8020926
