0.698184
0.5471756
0.5490999
0.6765754
0.5124463
0.6843779
0.4850952
0.8493094
0.4956862
0.4925094
0.6245354
0.563466
0.6742217
0.4817851
0.6615515
0.6378864
0.6893863
0.6305854
0.5234142
0.5369063
0.5593278
0.5824793
0.6540474
0.5031853
0.5528409
0.5443579
0.5915549
0.6267275
0.6262721
0.5709431
0.5734627
0.6607252
0.65686
0.6622505
0.6399144
0.5221683
0.6265739
0.6715094
0.555687
0.6972428
0.5223206
0.5170736
0.733358
0.666784
0.6394759
0.615825
0.6374491
0.6054931
0.5685149
0.6369814
0.5875325
0.6509463
0.6425903
0.5686025
0.5596002
0.5983401
0.6450135
0.516041
0.624054
0.5647017
0.6660347
0.6097292
0.6653173
0.4719793
0.5652213
0.6442562
0.6721969
0.7342889
0.5835456
0.6138615
0.6251551
0.6579296
0.6748703
0.6736185
0.6801852
0.6227585
0.5801216
0.5010839
0.6498935
0.6785932
0.6256932
0.5246441
0.4879625
0.6586213
0.5082568
0.6023172
0.5817535
0.5448255
0.6537571
0.6192559
0.6553326
0.5598929
0.5153863
0.6817636
0.5501813
0.531488
0.5749043
0.6709849
0.5561707
0.5821995
