0.1545879
0.2064904
0.2201867
0.2508482
0.3391233
0.2645437
0.2731008
0.1874466
0.07879568
0.2270533
0.2235322
0.1789394
0.1900423
0.2793804
0.1379443
0.1885673
0.1806241
0.1839043
0.1014805
0.1432828
0.3657203
0.2038255
0.4092182
0.2323183
0.2715808
0.2681524
0.2477942
0.2265141
0.259893
0.2519228
0.2909822
0.1989192
0.3896583
0.4153513
0.1530934
0.1944495
0.3004004
0.3490228
0.05668156
0.33358
0.1559781
0.1933286
0.2182939
0.2039754
0.1360176
0.2094402
0.2440698
0.1894232
0.305154
0.2543158
0.1986059
0.2145146
0.327037
0.2130277
0.2164286
0.3965402
0.1902254
0.2357342
0.1664965
0.2742612
0.136228
0.3006758
0.2157468
0.2945395
0.3003601
0.2417251
0.3831998
0.2289436
0.1527487
0.1844338
0.2527218
0.2033086
0.288114
0.1879319
0.1171538
0.1876978
0.1254978
0.2611516
0.2105722
0.2576758
0.1857475
0.2180227
0.1801296
0.2824955
0.14346
0.2118819
0.2499463
0.3364306
0.2605706
0.2277704
0.2660313
0.1836918
0.1944214
0.2339585
0.1853382
0.2443299
0.1562695
0.1984154
0.139143
0.2407426
