0.8216098
0.7318769
0.7564736
0.7976192
0.771519
0.7386534
0.9121552
0.798788
0.8269027
0.7729726
0.8247641
0.797372
0.8362257
0.802308
0.734512
0.8850624
0.813564
0.7149213
0.8201786
0.7779339
0.7582505
0.7192418
0.7681214
0.7491647
0.8532236
0.8204876
0.7546998
0.8826309
0.8085954
0.7603426
0.8373208
0.8537355
0.8433398
0.8006199
0.8844526
0.7326082
0.7173986
0.7368964
0.7923236
0.7609682
0.7754398
0.8194918
0.716236
0.7726069
0.750906
0.8251203
0.8232587
0.7533379
0.7683888
0.78025
0.7412734
0.7072761
0.8071949
0.8258251
0.7876163
0.6881881
0.8473535
0.7615584
0.8734523
0.8541994
0.6872703
0.727224
0.8590333
0.7907777
0.857347
0.7673568
0.8670228
0.7972609
0.770177
0.8895416
0.7721671
0.8177055
0.7665923
0.8086078
0.7661863
0.7884141
0.8236656
0.7954469
0.7925063
0.8052378
0.8006965
0.771631
0.8835044
0.7240445
0.6807477
0.7886927
0.8182559
0.8248598
0.7876091
0.7591598
0.8555725
0.775464
0.82059
0.7134132
0.9032557
0.7453446
0.838241
0.777043
0.7308574
0.7938996
