0.7451855
0.6813329
0.8496957
0.7556988
0.7355688
0.6234595
0.7352021
0.7259398
0.8798428
0.7183145
0.7818007
0.6857278
0.7112066
0.7963255
0.7650197
0.5906073
0.7764734
0.7985545
0.8652656
0.7942246
0.8803051
0.8040794
0.8914376
0.678533
0.7538812
0.7428418
0.9666099
0.798669
0.7112744
0.86424
0.7828182
0.7664777
0.8268028
0.8154954
0.8872828
0.6009977
0.8659413
0.8103603
0.7526996
0.8132764
0.6455259
0.6740749
0.7490451
0.6782146
0.6988906
0.6347224
0.8338513
0.7523035
0.9466269
0.9024469
0.845836
0.7363497
0.7472405
0.777405
0.8286547
0.8470056
0.7317696
0.6974765
0.7277337
0.8018842
0.8976716
0.6209007
0.8221502
0.7289771
0.9239652
0.6380633
0.7483665
0.6960104
0.6429448
0.7802224
0.7787637
0.7653161
0.9357333
0.8719125
0.7635544
0.8027017
0.8225294
0.7042802
0.7686641
0.8743597
0.7362213
0.6524538
0.6102749
0.8933808
0.6822752
0.8636397
0.7318367
0.7324343
0.8589488
0.8662714
0.8588092
0.7683151
0.7295888
0.7003363
0.7096712
0.8396143
0.7639334
0.7990466
0.7516422
0.8732897
