0.1803868
0.2049172
0.2410009
0.2376851
0.2702556
0.1394796
0.2248073
0.1071478
0.2067629
0.1476762
0.1913761
0.2138552
0.2112982
0.2132699
0.1980852
0.2149417
0.2211362
0.1974006
0.1770743
0.2072262
0.179126
0.3234743
0.2515433
0.2440264
0.1849155
0.21602
0.1905721
0.2165994
0.2818948
0.2219155
0.1872237
0.2374502
0.1275224
0.240209
0.1945851
0.2783924
0.1183644
0.2516182
0.2489322
0.1976175
0.1889499
0.2477709
0.1819265
0.1346829
0.242964
0.16661
0.2127494
0.2420271
0.2176902
0.1447998
0.1969205
0.1858911
0.2316762
0.1715264
0.1304343
0.2058108
0.4027851
0.2016446
0.1775182
0.2028622
0.2552387
0.2015003
0.1576904
0.2261659
0.2859021
0.1530948
0.2552053
0.2250619
0.1068415
0.2835801
0.2512292
0.3133857
0.2114766
0.1972524
0.2139785
0.2515504
0.1970285
0.2580841
0.3498173
0.2956797
0.2240767
0.1906202
0.2575701
0.3091246
0.1982092
0.2530559
0.2615814
0.2113475
0.1756051
0.2054361
0.1384016
0.2357853
0.2200244
0.1369695
0.1849295
0.2241453
0.2224984
0.166461
0.2521371
0.2306657
