0.7560097
0.7128098
0.7910536
0.8191792
0.7914935
0.7726277
0.7816599
0.8546787
0.7463038
0.8251956
0.8059021
0.815019
0.8181073
0.7914219
0.801413
0.8202572
0.855529
0.8099447
0.7934434
0.806248
0.7864608
0.7844058
0.790061
0.8690785
0.761788
0.862078
0.7993398
0.7792547
0.761048
0.7445479
0.7921531
0.78659
0.7861655
0.7087859
0.7631855
0.7942336
0.7913095
0.7755975
0.8155106
0.7865692
0.7810373
0.8353896
0.8030459
0.799816
0.7572336
0.7543304
0.804404
0.8416296
0.7654209
0.7611893
0.7945097
0.784751
0.7844966
0.7122906
0.8493144
0.8023076
0.850397
0.8182342
0.7251648
0.6819573
0.8118311
0.8094529
0.8362702
0.7893321
0.786631
0.7626223
0.7247709
0.8118554
0.7419762
0.786841
0.7729669
0.7088083
0.7937142
0.8522043
0.7181689
0.7721686
0.6373328
0.6992203
0.7692135
0.8402557
0.7879378
0.871079
0.7830954
0.7972797
0.8024486
0.8007879
0.7513989
0.8510237
0.8519645
0.7449198
0.8098197
0.8654326
0.7845584
0.6518333
0.7613804
0.8033718
0.7920023
0.758853
0.7970545
0.7964542
