0.1829423
0.3558527
0.2430392
0.2002208
0.205522
0.1223557
0.135448
0.2437145
0.2472268
0.1166787
0.2133394
0.2354291
0.2179757
0.1982254
0.1439976
0.2406048
0.2502004
0.2206234
0.1504642
0.1810709
0.1591481
0.2299009
0.1117816
0.2244737
0.2284602
0.1399196
0.0769222
0.1300721
0.2786631
0.251877
0.1574206
0.192557
0.2065582
0.3105237
0.218407
0.1876206
0.2315818
0.1496123
0.2012665
0.1693446
0.215324
0.08541027
0.2494813
0.1762336
0.188199
0.2797176
0.2315752
0.213212
0.24423
0.1655699
0.1366807
0.2245092
0.1967302
0.1134436
0.2346015
0.2354687
0.194118
0.1468449
0.2146622
0.1031549
0.1325373
0.2013257
0.2791951
0.2350161
0.2103575
0.2243829
0.1514988
0.1518353
0.2937417
0.2099704
0.08972926
0.2629095
0.1544744
0.1467208
0.204977
0.3261604
0.2637733
0.2596723
0.2203448
0.1299441
0.1914119
0.1789785
0.2838717
0.1861909
0.2135312
0.2314995
0.2602132
0.1829831
0.3447914
0.2129958
0.2436305
0.2196171
0.232867
0.1388594
0.2521954
0.1776587
0.17832
0.3034091
0.2918624
0.1779663
