0.5466109
0.6800163
0.6436879
0.5995876
0.681433
0.51698
0.6114133
0.6041429
0.6138201
0.6115521
0.5940066
0.6585211
0.6176693
0.5019162
0.5951705
0.5914058
0.5439946
0.570188
0.6533408
0.6248405
0.5475619
0.4571333
0.7601088
0.5814989
0.6153183
0.6243451
0.562613
0.6980564
0.5839539
0.5535386
0.4606965
0.6000675
0.6176765
0.5093517
0.6308407
0.6463146
0.6253225
0.6131619
0.5548979
0.5718484
0.6267486
0.5777702
0.6586796
0.5987428
0.6123256
0.569389
0.5015422
0.6303496
0.5780857
0.5412808
0.6001721
0.5179069
0.5665393
0.5856994
0.5540354
0.6672656
0.6088943
0.6047917
0.5032077
0.6208328
0.648306
0.4551796
0.7006955
0.5035082
0.6711401
0.5185006
0.6369107
0.6114518
0.6071362
0.6125821
0.5685957
0.6543083
0.6748628
0.5383607
0.5740541
0.6622252
0.6364236
0.5399662
0.6662016
0.5662196
0.6806942
0.5305236
0.6043544
0.5472319
0.4885798
0.5325856
0.621962
0.6061221
0.6285956
0.6147685
0.6362978
0.6012456
0.6611594
0.6216994
0.5311472
0.680872
0.5955938
0.564919
0.6458408
0.6771438
