0.8149189
0.7329954
0.7950579
0.8006507
0.7789175
0.843874
0.7565214
0.8237615
0.7968853
0.808099
0.7833655
0.7737649
0.8120669
0.795505
0.7930317
0.7361097
0.7924404
0.8008506
0.8027921
0.8230179
0.7545974
0.7649588
0.8457297
0.8345229
0.7962217
0.7246603
0.8587487
0.7480437
0.7941008
0.7475116
0.8257199
0.77646
0.8538193
0.749534
0.7842644
0.7603377
0.7335298
0.7899691
0.78545
0.8236236
0.7232526
0.8039302
0.7639596
0.7976812
0.7564343
0.7811109
0.8054139
0.873013
0.7928406
0.7664827
0.6995906
0.7930509
0.7330117
0.8221155
0.764298
0.748564
0.8122346
0.8399079
0.8157937
0.777649
0.823004
0.7206247
0.8128077
0.7926511
0.7882709
0.8138947
0.7887051
0.841013
0.7432192
0.8119808
0.7502893
0.7234054
0.8020646
0.714417
0.726195
0.7830204
0.7985695
0.7673851
0.7655749
0.7696776
0.7545531
0.8363707
0.8081809
0.8028853
0.7971917
0.7701092
0.7982703
0.8047401
0.8050483
0.7889091
0.7867712
0.7510222
0.7900927
0.7305829
0.7692635
0.7942175
0.8202197
0.8372634
0.8430254
0.7554403
