0.5553066
0.6897626
0.5923438
0.5667285
0.6279461
0.5998396
0.6718912
0.5940288
0.6453981
0.5661827
0.4333064
0.6004158
0.5467182
0.4552338
0.6116855
0.5327689
0.4727287
0.4927375
0.6081589
0.459174
0.5230549
0.5008407
0.4103219
0.627202
0.4765343
0.5608969
0.5626556
0.6029868
0.5685482
0.5639788
0.5321832
0.4670312
0.602411
0.5741711
0.6097425
0.6361476
0.4776502
0.4277114
0.5932903
0.5546748
0.6392981
0.5464993
0.7011503
0.5977466
0.5382039
0.5119101
0.6124264
0.571861
0.6180409
0.4544431
0.5515787
0.5751925
0.4980917
0.4466129
0.5580007
0.7120879
0.5990348
0.6140073
0.6628791
0.5453961
0.6416543
0.5885151
0.7233556
0.5189989
0.5199528
0.7520837
0.6347184
0.6179062
0.7797789
0.6877023
0.6607243
0.5570132
0.5437905
0.5395177
0.6166244
0.5379781
0.7439725
0.5163495
0.7526431
0.5964554
0.6218181
0.6521346
0.638602
0.5871095
0.6203985
0.4964123
0.5425987
0.6527351
0.6220291
0.66213
0.5527629
0.6652682
0.5738584
0.5721389
0.6475151
0.6240066
0.7469123
0.514491
0.4925652
0.5034057
