0.7526867
0.7650416
0.796389
0.8395065
0.7747984
0.7816584
0.7833125
0.8123652
0.8427231
0.8273898
0.8292292
0.7294767
0.7465147
0.8227935
0.8509727
0.7977285
0.6941683
0.7473851
0.7103175
0.7715126
0.900485
0.7582928
0.7167948
0.816394
0.7335694
0.810916
0.8276651
0.7151814
0.8051081
0.7759503
0.810008
0.8088694
0.7377519
0.8143318
0.7136316
0.8013316
0.8019597
0.7610023
0.7766095
0.767037
0.7618989
0.8288897
0.8247785
0.8365947
0.7945158
0.8120058
0.7637634
0.7970387
0.8040802
0.8245637
0.8537759
0.818924
0.7485475
0.8209465
0.7958896
0.7846938
0.7984436
0.7554349
0.7901783
0.7644778
0.8134944
0.8263554
0.7171031
0.8258119
0.7880653
0.8172714
0.6815321
0.7339938
0.8132249
0.7700796
0.8015038
0.8002367
0.7723996
0.8161386
0.7639516
0.7684733
0.8093872
0.776991
0.7561951
0.784248
0.7390805
0.8057183
0.7853021
0.7447715
0.8507421
0.7929897
0.8238367
0.8245925
0.8842104
0.7470113
0.8214728
0.7832167
0.7951702
0.7832203
0.7385496
0.8049594
0.7628383
0.8403679
0.8038877
0.8024644
